62126611
2324668
63733573
81180470
22285579
58791080
8889939
83476511
82284888
6367812
8657765
7338
7901000
889740
3303845020456837
99281444
3290787644012899
84635550
250000
500000
1000000
15 minutes
176
7901000
1600
0.6
02072221324
68035
08453309876
02075059000
08457834548
03001232350
08004050409
08450002222
08007834524
8722004950
87481797
68805008
37705001
93395016
633051785006
64405011
7050225015
7705037
67705049
7705053
67705172
65193
67705020
100164603
67705256
628510013495
729689336
61001654
57100163
0421001624
50100164796
5414153895
5991001489
62100154605
100167436
64559
498027192
9693776
58072
1646031
62854495
72968933661
654576304
262451647961
65414153895599
4896211546051
6743664559
649801001427
19296937766100158072
6457789
526156263
7050555159
6468347364383236
6468448964698110
6439417664648038
6439300564648040
6439312067705196
5157517164390402
5155646945414411
5118641122552550
4132544110875255
4322461100882255
